168.82
169.58
168.45
169.67
167.78
175.04
176.55
172.69
169.38
168.0
167.04
165.0
165.84
166.9
169.02
169.89
169.3
173.5
170.33
169.3
173.03
183.38
181.71
182.4
182.74
184.57
183.05
186.28
187.43
189.72
189.84
189.87
191.04
192.35
190.9
186.88
189.98
189.99
190.29
191.29
192.25
194.03
194.35
195.87
194.48
196.89
193.12
207.15
213.07
214.24
212.49
216.67
214.29
209.68
207.49
208.14
209.07
213.25
214.1
210.62
216.75
220.27
221.55
226.34
227.82
228.68
232.98
227.57
230.54
234.4
234.82
228.88
224.18
224.31
223.96
225.01
218.54
217.49
217.96
218.24
218.8
222.08
218.36
219.86
209.27
207.23
209.82
213.31
216.24
217.53
221.27
221.72
224.72
226.05
225.89
226.51
226.4
224.53
226.84
227.18
228.03
226.49
229.79
229.0
222.77
220.85
222.38
220.82
220.91
220.11
222.66
222.77
222.5
216.32
216.79
220.69
228.87
228.2
226.47
227.37
226.37
227.52
227.79
233.0
226.21
226.78
225.67
226.8
221.69
225.77
229.54
229.04
227.55
231.3
233.85
231.78
232.15
235.0
236.48
235.86
230.76
230.57
231.41
233.4
233.67
230.1
225.91
222.91
222.01
223.45
222.72
227.48
226.96
224.23
224.23
225.12
228.22
225.0
228.02
228.28
229.0
228.52
229.87
232.87
235.06
234.93
237.33
239.59
242.65
243.01
243.04
242.84
246.75
247.77
246.49
247.96
248.13
251.04
253.48
248.05
249.79
254.49
255.27
258.2
259.02
255.59
252.2
250.42
243.85
243.36
245.0
242.21
242.7
236.85
234.4
233.28
237.87
228.26
229.98
222.64
223.83
223.66
222.78
229.86
238.26
239.36
237.59
236.0
228.01
232.8
232.47
233.22
227.63
227.65
232.62
236.87
241.53
244.6
244.47
244.87
245.83
245.55
247.1
247.04
240.36
237.3
241.84
238.03
235.93
235.74
235.33
239.07
227.48
220.84
216.98
209.68
213.49
214.0
212.69
215.24
214.1
218.27
220.73
223.75
221.53
223.85
217.9
222.13
223.19
223.89
203.19
188.38
